1 0.291115 14370 26486 1.843145 True
2 0.307976 15090 27925 1.850563 True
3 0.309019 15810 29364 1.857306 True
4 0.343218 16530 30803 1.863460 True
5 0.336057 17250 32242 1.869101 True
6 0.369918 17970 33681 1.874290 True
7 0.381788 18690 35120 1.879080 True
8 0.394476 19410 36559 1.883514 True
9 0.407455 20130 37998 1.887630 True
10 0.417137 20850 39437 1.891463 True
11 0.431376 21570 40876 1.895039 True
12 0.471964 22290 42315 1.898385 True
13 0.500805 23010 43754 1.901521 True
14 0.529236 23730 45193 1.904467 True
15 0.671063 24450 46632 1.907239 True
16 0.648167 25170 48071 1.909853 True
17 0.628725 25890 49510 1.912321 True
18 0.549049 26610 50949 1.914656 True
19 0.558966 27330 52388 1.916868 True
20 0.572561 28050 53827 1.918966 True
21 0.568611 28770 55266 1.920959 True
22 0.610516 29490 56705 1.922855 True
23 0.997371 30210 58144 1.924661 True
24 0.650732 30930 59583 1.926382 True
25 0.660242 31650 61022 1.928025 True
26 0.708314 32370 62461 1.929595 True
27 0.657091 33090 63900 1.931097 True
28 0.681439 33810 65339 1.932535 True
29 0.707342 34530 66778 1.933913 True
30 0.754369 35250 68217 1.935234 True
31 0.748499 35970 69656 1.936503 True
32 0.843680 36690 71095 1.937721 True
33 0.994802 37410 72534 1.938893 True
34 0.850102 38130 73973 1.940021 True
35 0.767926 38850 75412 1.941107 True
36 0.848703 39570 76851 1.942153 True
37 0.838963 40290 78290 1.943162 True
38 0.849136 41010 79729 1.944136 True
39 0.917489 41730 81168 1.945075 True
40 0.893502 42450 82607 1.945984 True
41 0.941764 43170 84046 1.946861 True
42 0.968514 43890 85485 1.947710 True
43 0.927139 44610 86924 1.948532 True
44 1.068115 45330 88363 1.949327 True
45 0.946868 46050 89802 1.950098 True
46 0.987193 46770 91241 1.950845 True
47 1.030881 47490 92680 1.951569 True
48 1.065165 48210 94119 1.952271 True
49 1.062211 48930 95558 1.952953 True
50 1.100950 49650 96997 1.953615 True
51 1.125586 50370 98436 1.954258 True
52 1.119092 51090 99875 1.954884 True
53 1.203210 51810 101314 1.955491 True
54 1.080089 52530 102753 1.956082 True
55 1.141008 53250 104192 1.956657 True
56 1.327966 53970 105631 1.957217 True
57 1.392488 54690 107070 1.957762 True
58 1.157031 55410 108509 1.958293 True
59 1.221778 56130 109948 1.958810 True
60 1.224889 56850 111387 1.959314 True
61 1.403741 57570 112826 1.959805 True
62 1.410824 58290 114265 1.960285 True
63 1.341274 59010 115704 1.960752 True
64 1.445460 59730 117143 1.961209 True
65 1.498726 60450 118582 1.961654 True
66 1.546616 61170 120021 1.962089 True
67 1.755073 61890 121460 1.962514 True
68 1.536552 62610 122899 1.962929 True
69 1.475518 63330 124338 1.963335 True
70 1.480821 64050 125777 1.963731 True
71 1.445376 64770 127216 1.964119 True
72 1.467182 65490 128655 1.964498 True
73 1.573105 66210 130094 1.964869 True
74 1.560887 66930 131533 1.965232 True
75 2.072317 67650 132972 1.965588 True
76 1.745124 68370 134411 1.965935 True
77 1.570862 69090 135850 1.966276 True
78 1.754973 69810 137289 1.966609 True
79 2.220288 70530 138728 1.966936 True
80 2.005683 71250 140167 1.967256 True
81 2.557577 71970 141606 1.967570 True
82 2.563195 72690 143045 1.967877 True
83 2.111253 73410 144484 1.968179 True
84 1.899784 74130 145923 1.968474 True
85 1.961294 74850 147362 1.968764 True
86 1.884853 75570 148801 1.969049 True
87 2.174807 76290 150240 1.969328 True
88 1.923120 77010 151679 1.969601 True
89 1.815287 77730 153118 1.969870 True
90 2.137141 78450 154557 1.970134 True
91 3.370526 79170 155996 1.970393 True
92 2.207268 79890 157435 1.970647 True
93 3.034739 80610 158874 1.970897 True
94 2.589442 81330 160313 1.971142 True
95 3.894379 82050 161752 1.971383 True
96 5.128107 82770 163191 1.971620 True
97 5.127037 83490 164630 1.971853 True
98 5.373465 84210 166069 1.972082 True
99 4.817365 84930 167508 1.972307 True
100 5.548016 85650 168947 1.972528 True
101 5.615498 86370 170386 1.972745 True
102 7.971670 87090 171825 1.972959 True
103 5.626709 87810 173264 1.973169 True
104 10.137950 88530 174703 1.973376 True
105 6.383522 89250 176142 1.973580 True
106 11.055313 89970 177581 1.973780 True
107 14.835201 90690 179020 1.973977 True
108 13.272972 91410 180459 1.974171 False
109 16.025682 92130 181898 1.974362 False
110 13.728059 92850 183337 1.974550 False
111 13.293665 93570 184776 1.974735 False
112 13.291766 94290 186215 1.974918 False
113 16.038785 95010 187654 1.975097 False
114 13.849736 95730 189093 1.975274 False
115 18.082454 96450 190532 1.975448 False
116 13.460672 97170 191971 1.975620 False
117 15.325800 97890 193410 1.975789 False
118 15.659491 98610 194849 1.975956 False
119 17.861407 99330 196288 1.976120 False
120 18.017887 100050 197727 1.976282 False
121 16.638930 100770 199166 1.976441 False
122 17.569061 101490 200605 1.976599 False
123 13.741792 102210 202044 1.976754 False
124 19.618283 102930 203483 1.976907 False
125 14.072762 103650 204922 1.977057 False
126 16.543563 104370 206361 1.977206 False
127 18.809303 105090 207800 1.977353 False
128 15.411547 105810 209239 1.977497 False
129 15.144844 106530 210678 1.977640 False
130 15.772893 107250 212117 1.977781 False
131 13.540374 107970 213556 1.977920 False
132 19.422581 108690 214995 1.978057 False
133 19.318707 109410 216434 1.978192 False
134 18.402064 110130 217873 1.978326 False
135 17.295441 110850 219312 1.978457 False
136 16.187523 111570 220751 1.978587 False
137 20.847130 112290 222190 1.978716 False
138 14.688209 113010 223629 1.978843 False
139 14.840138 113730 225068 1.978968 False
140 13.530677 114450 226507 1.979091 False
141 13.508204 115170 227946 1.979213 False
142 12.731518 115890 229385 1.979334 False
143 15.254285 116610 230824 1.979453 False
144 15.099280 117330 232263 1.979570 False
145 16.165491 118050 233702 1.979687 False
146 15.049232 118770 235141 1.979801 False
147 12.266674 119490 236580 1.979915 False
148 13.761629 120210 238019 1.980027 False
149 16.082532 120930 239458 1.980137 False
150 17.616363 121650 240897 1.980247 False
151 16.201441 122370 242336 1.980355 False
152 16.771051 123090 243775 1.980461 False
153 13.723430 123810 245214 1.980567 False
154 17.384377 124530 246653 1.980671 False
155 16.257218 125250 248092 1.980774 False
156 16.198548 125970 249531 1.980876 False
157 16.015862 126690 250970 1.980977 False
158 17.388926 127410 252409 1.981077 False
159 15.217675 128130 253848 1.981175 False
160 16.385437 128850 255287 1.981273 False
161 15.738625 129570 256726 1.981369 False
162 16.810884 130290 258165 1.981464 False
163 16.937089 131010 259604 1.981559 False
164 16.179050 131730 261043 1.981652 False
165 15.928905 132450 262482 1.981744 False
166 14.806998 133170 263921 1.981835 False
167 17.025373 133890 265360 1.981925 False
168 12.223608 134610 266799 1.982015 False
169 18.536472 135330 268238 1.982103 False
170 20.311930 136050 269677 1.982190 False
171 14.913343 136770 271116 1.982277 False
172 15.173818 137490 272555 1.982362 False
173 16.511459 138210 273994 1.982447 False
174 16.412642 138930 275433 1.982531 False
175 12.040998 139650 276872 1.982614 False
176 13.063184 140370 278311 1.982696 False
177 14.422778 141090 279750 1.982777 False
178 12.438458 141810 281189 1.982857 False
179 17.648743 142530 282628 1.982937 False
180 16.344378 143250 284067 1.983016 False
181 12.931262 143970 285506 1.983094 False
182 15.218849 144690 286945 1.983171 False
183 13.946966 145410 288384 1.983247 False
184 16.882156 146130 289823 1.983323 False
185 15.559109 146850 291262 1.983398 False
186 17.798196 147570 292701 1.983472 False
187 13.869484 148290 294140 1.983546 False
188 16.098345 149010 295579 1.983619 False
189 15.286757 149730 297018 1.983691 False
190 16.843125 150450 298457 1.983762 False
191 14.818034 151170 299896 1.983833 False
192 12.928914 151890 301335 1.983903 False
193 19.979205 152610 302774 1.983972 False
194 14.139685 153330 304213 1.984041 False
195 14.358998 154050 305652 1.984109 False
196 16.761572 154770 307091 1.984177 False
197 15.133725 155490 308530 1.984243 False
198 15.017357 156210 309969 1.984310 False
199 15.908073 156930 311408 1.984375 False
200 14.372169 157650 312847 1.984440 False
