1 0.258811 14370 26486 1.843145 True
2 0.258330 15090 27925 1.850563 True
3 0.284749 15810 29364 1.857306 True
4 0.288711 16530 30803 1.863460 True
5 0.303435 17250 32242 1.869101 True
6 0.299520 17970 33681 1.874290 True
7 0.302979 18690 35120 1.879080 True
8 0.305391 19410 36559 1.883514 True
9 0.307257 20130 37998 1.887630 True
10 0.313751 20850 39437 1.891463 True
11 0.324531 21570 40876 1.895039 True
12 0.397855 22290 42315 1.898385 True
13 0.435815 23010 43754 1.901521 True
14 0.448321 23730 45193 1.904467 True
15 0.418152 24450 46632 1.907239 True
16 0.370139 25170 48071 1.909853 True
17 0.380243 25890 49510 1.912321 True
18 0.391979 26610 50949 1.914656 True
19 0.420781 27330 52388 1.916868 True
20 0.421895 28050 53827 1.918966 True
21 0.419251 28770 55266 1.920959 True
22 0.541043 29490 56705 1.922855 True
23 0.495116 30210 58144 1.924661 True
24 0.509113 30930 59583 1.926382 True
25 0.513469 31650 61022 1.928025 True
26 0.534560 32370 62461 1.929595 True
27 0.518421 33090 63900 1.931097 True
28 0.532304 33810 65339 1.932535 True
29 0.553220 34530 66778 1.933913 True
30 0.569052 35250 68217 1.935234 True
31 0.597045 35970 69656 1.936503 True
32 0.584231 36690 71095 1.937721 True
33 0.750962 37410 72534 1.938893 True
34 0.745628 38130 73973 1.940021 True
35 0.693167 38850 75412 1.941107 True
36 0.766191 39570 76851 1.942153 True
37 0.738337 40290 78290 1.943162 True
38 0.860041 41010 79729 1.944136 True
39 0.833714 41730 81168 1.945075 True
40 0.885559 42450 82607 1.945984 True
41 0.745266 43170 84046 1.946861 True
42 0.853630 43890 85485 1.947710 True
43 0.822891 44610 86924 1.948532 True
44 0.839310 45330 88363 1.949327 True
45 0.873314 46050 89802 1.950098 True
46 0.895124 46770 91241 1.950845 True
47 0.976353 47490 92680 1.951569 True
48 1.012020 48210 94119 1.952271 True
49 0.990356 48930 95558 1.952953 True
50 1.076216 49650 96997 1.953615 True
51 1.013900 50370 98436 1.954258 True
52 0.995029 51090 99875 1.954884 True
53 1.033523 51810 101314 1.955491 True
54 1.437276 52530 102753 1.956082 True
55 1.162067 53250 104192 1.956657 True
56 1.309753 53970 105631 1.957217 True
57 1.084898 54690 107070 1.957762 True
58 1.154252 55410 108509 1.958293 True
59 1.189485 56130 109948 1.958810 True
60 1.220595 56850 111387 1.959314 True
61 1.232110 57570 112826 1.959805 True
62 1.210546 58290 114265 1.960285 True
63 1.357105 59010 115704 1.960752 True
64 1.219886 59730 117143 1.961209 True
65 1.813021 60450 118582 1.961654 True
66 1.582919 61170 120021 1.962089 True
67 1.312172 61890 121460 1.962514 True
68 1.503853 62610 122899 1.962929 True
69 1.515067 63330 124338 1.963335 True
70 1.543172 64050 125777 1.963731 True
71 2.678992 64770 127216 1.964119 True
72 1.576311 65490 128655 1.964498 True
73 1.608380 66210 130094 1.964869 True
74 2.233956 66930 131533 1.965232 True
75 1.611802 67650 132972 1.965588 True
76 2.193854 68370 134411 1.965935 True
77 1.994872 69090 135850 1.966276 True
78 2.721955 69810 137289 1.966609 True
79 1.971079 70530 138728 1.966936 True
80 3.798024 71250 140167 1.967256 True
81 3.522360 71970 141606 1.967570 True
82 4.570910 72690 143045 1.967877 True
83 4.008568 73410 144484 1.968179 True
84 2.341207 74130 145923 1.968474 True
85 3.135662 74850 147362 1.968764 True
86 3.498252 75570 148801 1.969049 True
87 4.401402 76290 150240 1.969328 True
88 2.600522 77010 151679 1.969601 True
89 4.236116 77730 153118 1.969870 True
90 7.161815 78450 154557 1.970134 True
91 3.669179 79170 155996 1.970393 True
92 8.190821 79890 157435 1.970647 True
93 2.820219 80610 158874 1.970897 True
94 5.843950 81330 160313 1.971142 True
95 9.280069 82050 161752 1.971383 True
96 11.628315 82770 163191 1.971620 True
97 7.280292 83490 164630 1.971853 True
98 9.567321 84210 166069 1.972082 True
99 13.865663 84930 167508 1.972307 True
100 9.338467 85650 168947 1.972528 True
101 16.687643 86370 170386 1.972745 True
102 23.199314 87090 171825 1.972959 True
103 8.128872 87810 173264 1.973169 True
104 21.022647 88530 174703 1.973376 True
105 22.709848 89250 176142 1.973580 True
106 31.029060 89970 177581 1.973780 True
107 37.915960 90690 179020 1.973977 True
108 34.347144 91410 180459 1.974171 False
109 39.559180 92130 181898 1.974362 False
110 33.861217 92850 183337 1.974550 False
111 39.914198 93570 184776 1.974735 False
112 34.071185 94290 186215 1.974918 False
113 34.676020 95010 187654 1.975097 False
114 30.235261 95730 189093 1.975274 False
115 30.471309 96450 190532 1.975448 False
116 36.377634 97170 191971 1.975620 False
117 34.566220 97890 193410 1.975789 False
118 31.444453 98610 194849 1.975956 False
119 34.062089 99330 196288 1.976120 False
120 28.059951 100050 197727 1.976282 False
121 29.997310 100770 199166 1.976441 False
122 29.282862 101490 200605 1.976599 False
123 32.169051 102210 202044 1.976754 False
124 34.951402 102930 203483 1.976907 False
125 27.798909 103650 204922 1.977057 False
126 34.699353 104370 206361 1.977206 False
127 34.308110 105090 207800 1.977353 False
128 33.116590 105810 209239 1.977497 False
129 31.162610 106530 210678 1.977640 False
130 34.117761 107250 212117 1.977781 False
131 41.932874 107970 213556 1.977920 False
132 35.877773 108690 214995 1.978057 False
133 35.694809 109410 216434 1.978192 False
134 34.336983 110130 217873 1.978326 False
135 26.844895 110850 219312 1.978457 False
136 29.858255 111570 220751 1.978587 False
137 27.251846 112290 222190 1.978716 False
138 28.548876 113010 223629 1.978843 False
139 33.740846 113730 225068 1.978968 False
140 39.850289 114450 226507 1.979091 False
141 38.230778 115170 227946 1.979213 False
142 39.789254 115890 229385 1.979334 False
143 42.531649 116610 230824 1.979453 False
144 39.325548 117330 232263 1.979570 False
145 36.581411 118050 233702 1.979687 False
146 29.183768 118770 235141 1.979801 False
147 31.549295 119490 236580 1.979915 False
148 52.290846 120210 238019 1.980027 False
149 30.239569 120930 239458 1.980137 False
150 38.467634 121650 240897 1.980247 False
151 38.822885 122370 242336 1.980355 False
152 41.806265 123090 243775 1.980461 False
153 32.860302 123810 245214 1.980567 False
154 26.948603 124530 246653 1.980671 False
155 33.440150 125250 248092 1.980774 False
156 40.356647 125970 249531 1.980876 False
157 31.312521 126690 250970 1.980977 False
158 31.982568 127410 252409 1.981077 False
159 34.250311 128130 253848 1.981175 False
160 43.109022 128850 255287 1.981273 False
161 41.852309 129570 256726 1.981369 False
162 39.859904 130290 258165 1.981464 False
163 51.458294 131010 259604 1.981559 False
164 53.135993 131730 261043 1.981652 False
165 39.990644 132450 262482 1.981744 False
166 49.302992 133170 263921 1.981835 False
167 34.837415 133890 265360 1.981925 False
168 40.263984 134610 266799 1.982015 False
169 41.888007 135330 268238 1.982103 False
170 37.822091 136050 269677 1.982190 False
171 29.830693 136770 271116 1.982277 False
172 38.936569 137490 272555 1.982362 False
173 33.064698 138210 273994 1.982447 False
174 50.447041 138930 275433 1.982531 False
175 31.803803 139650 276872 1.982614 False
176 53.712904 140370 278311 1.982696 False
177 47.996182 141090 279750 1.982777 False
178 51.170295 141810 281189 1.982857 False
179 60.725830 142530 282628 1.982937 False
180 49.632070 143250 284067 1.983016 False
181 42.194864 143970 285506 1.983094 False
182 57.516088 144690 286945 1.983171 False
183 46.516800 145410 288384 1.983247 False
184 64.383492 146130 289823 1.983323 False
185 37.223879 146850 291262 1.983398 False
186 57.870398 147570 292701 1.983472 False
187 46.948685 148290 294140 1.983546 False
188 68.611059 149010 295579 1.983619 False
189 47.969298 149730 297018 1.983691 False
190 45.865751 150450 298457 1.983762 False
191 35.445074 151170 299896 1.983833 False
192 40.497684 151890 301335 1.983903 False
193 36.089202 152610 302774 1.983972 False
194 50.186232 153330 304213 1.984041 False
195 61.686712 154050 305652 1.984109 False
196 48.745737 154770 307091 1.984177 False
197 71.866431 155490 308530 1.984243 False
198 41.018429 156210 309969 1.984310 False
199 46.523706 156930 311408 1.984375 False
200 36.002800 157650 312847 1.984440 False
